vocab_richness: 0.34558823529411764
avg_sentence_length: 16.3855421686747
avg_word_length: 3.8544117647058824
