vocab_richness: 0.3870967741935484
avg_sentence_length: 16.06024096385542
avg_word_length: 4.0105026256564145
