vocab_richness: 0.42116950407105846
avg_sentence_length: 16.083333333333332
avg_word_length: 4.254626202812731
