vocab_richness: 0.35355029585798814
avg_sentence_length: 13.386138613861386
avg_word_length: 3.93491124260355
