vocab_richness: 0.39280359820089955
avg_sentence_length: 13.207920792079207
avg_word_length: 4.084707646176912
